Местное время в Нижнем Новгороде / им. В. П. Чкалова (аэропорт),T,P0,U,Ff
2020-06-01,10.395833333333334,752.2854166666667,78.27083333333333,4.208333333333333
2020-05-31,11.875,748.7958333333332,89.91666666666667,5.520833333333333
2020-05-30,21.520833333333332,752.5979166666666,58.3125,2.6875
2020-05-29,19.041666666666668,757.6083333333335,62.1875,2.5
2020-05-28,15.125,760.2583333333332,65.29166666666667,1.2916666666666667
2020-05-27,13.145833333333334,759.1583333333334,72.25,3.125
2020-05-26,11.625,764.3083333333334,78.8125,2.125
2020-05-25,10.333333333333334,759.6479166666667,81.6875,2.8333333333333335
2020-05-24,8.416666666666666,754.7000000000002,92.5625,2.875
2020-05-23,7.0,755.3104166666666,80.97916666666667,1.9791666666666667
2020-05-22,6.520833333333333,748.8958333333334,84.375,2.9583333333333335
2020-05-21,9.166666666666666,746.8125,69.83333333333333,2.4375
2020-05-20,9.333333333333334,746.2291666666666,62.166666666666664,4.604166666666667
2020-05-19,7.541666666666667,745.2125000000001,79.27083333333333,4.458333333333333
2020-05-18,10.770833333333334,747.0020833333334,71.89583333333333,3.8125
2020-05-17,10.8125,750.18125,63.5625,4.458333333333333
2020-05-16,8.291666666666666,749.6729166666668,67.45833333333333,3.5625
2020-05-15,8.291666666666666,748.2541666666666,83.64583333333333,2.4583333333333335
2020-05-14,8.333333333333334,752.5854166666668,58.645833333333336,4.166666666666667
2020-05-13,13.0,742.40625,68.75,5.291666666666667
2020-05-12,16.25,746.2020833333332,61.458333333333336,3.875
2020-05-11,12.708333333333334,747.3479166666666,72.5625,2.0
2020-05-10,13.895833333333334,743.9541666666668,84.95833333333333,4.208333333333333
2020-05-09,13.229166666666666,749.2645833333332,95.02083333333333,1.3125
2020-05-08,16.270833333333332,747.9354166666667,80.79166666666667,1.9583333333333333
2020-05-07,16.916666666666668,747.2916666666666,62.083333333333336,3.6875
2020-05-06,19.416666666666668,751.4395833333333,42.1875,4.3125
2020-05-05,19.75,754.5625,30.604166666666668,3.3541666666666665
2020-05-04,16.479166666666668,755.8729166666667,48.395833333333336,2.7708333333333335
2020-05-03,11.645833333333334,756.4729166666666,43.770833333333336,3.9791666666666665
2020-05-02,6.020833333333333,755.8770833333334,65.14583333333333,1.5625
2020-05-01,5.46875,754.30625,71.5,1.5625
